0 0 1.036463302605234
1 0 3.6445973303327577
2 0 4.787382440520996
0 1 -0.981768348697383
1 1 0.3975988134812255
2 1 3.7873824405209953
0 2 0.20729266052104678
1 2 0.2469985168515319
2 2 1.637852678437015
0 3 1.0182316513026168
1 3 2.0963982202218383
2 3 2.212617559479005
0 4 1.6218779815631403
1 4 3.0963982202218383
2 4 2.0
0 5 1.4145853210420933
1 5 1.795197626962451
2 5 1.8504702379160198
0 6 1.2255243118236638
1 6 2.6445973303327572
2 6 3.42523511895801
0 7 0.4328169723447106
1 7 2.7951976269624508
2 7 4.787382440520996
0 8 0.01823165130261692
1 8 1.2469985168515318
2 8 3.0
0 9 0.8291706420841871
1 9 2.9457979235921448
2 9 3.7873824405209953
